1 5
1 4
1 2
1 6
1 7
1 3
1 1
2 12
2 11
2 14
2 10
2 8
2 13
2 9
3 19
3 15
3 16
3 17
3 18
3 20
3 21
4 22
4 27
4 26
4 23
4 24
4 28
4 25
5 31
5 35
5 30
5 32
5 33
5 29
5 34
6 36
6 37
6 38
6 39
6 41
6 40
6 42
7 43
7 30
7 44
7 45
7 48
7 46
7 47
8 51
8 54
8 43
8 52
8 53
8 50
8 49
9 57
9 60
9 55
9 58
9 59
9 56
9 61
10 64
10 65
10 66
10 68
10 63
10 62
10 67
11 69
11 70
11 71
11 72
11 73
11 74
11 75
12 77
12 78
12 80
12 81
12 76
12 79
12 82
13 83
13 84
13 87
13 89
13 85
13 86
13 88
14 90
14 94
14 95
14 96
14 91
14 92
14 93
15 98
15 99
15 97
15 100
15 101
15 102
15 103
